19

77.64
7
27  5.41
37 91.73
69 52.12
30 25.68
31 57.83
24 28.63
36 40.68
10
3 23 59 70 68 94 57 12 43 30


73.74
12
85 49.20
99 85.38
16 43.25
14 43.71
92 35.27
57 89.81
63 18.74
97 91.71
 6 72.82
85  9.26
37 63.28
47 65.06
10
14 58 25 96 83 46 15 68 35 65


40.44
14
  9 10.88
 79 72.77
 85 57.89
 52 54.04
100 27.55
 61 99.33
 69 96.77
 13 77.49
 87 62.27
 40 80.95
 71  7.96
 79 14.35
  2 74.68
  3  0.98
18 93 53 57 2 81 87 42 66 90 45 20 41 30 32 18 98 72 82


6.76
15
68 89.28
98 78.57
87 23.54
 7 69.66
20 46.84
29 86.25
33 28.72
 4 88.30
71  0.20
 9 33.69
41 67.16
97 81.50
19  7.24
47 22.46
22 34.52
16
80 89 65 29 42 51 94 1 35 65 25 15 88 57 44 92


22.28
1
37 98.60
13
52 38 29 76 8 75 22 59 96 30 38 36 94


58.19
5
12 61.44
30 59.29
 5 87.77
64 44.44
39 46.14
7
41 5 19 29 89 70 18


99.18
6
 44 33.25
 84 94.71
100 84.91
 26 97.73
 91 56.45
 40 75.06
15
87 70 83 43 65 98 8 56 5 49 12 23 29 100 44


57.47
8
23 43.41
11 33.12
 2 76.06
31 56.62
 6 48.79
37 93.21
27 94.45
66 85.23
9
17 83 59 25 38 63 25 1 37


34.53
8
51 93.80
72 74.69
32  9.74
31 38.82
95 89.34
64 86.61
82 72.00
97 89.00
20
74 14 69 91 96 27 67 85 41 91 85 77 43 37 8 46 57 80 19 88


94.13
1
60 21.73
10
37 11 43 88 7 2 14 73 22 56


48.20
13
 5 77.22
12 59.40
68 39.41
29 17.06
51 11.28
59 59.85
25 39.21
70 24.23
82 13.97
85 56.31
73 92.93
51 76.73
86 76.26
3
100 41 43


38.99
14
91 22.99
91  5.25
82 82.10
37 88.20
56 77.33
 5 59.95
70  3.80
77 52.74
56 88.51
43 18.61
85 55.80
 6 19.94
68 76.22
14 25.05
2
55 27


65.09
10
66 88.98
31 21.98
73 84.73
62 45.30
19 44.04
84 61.32
57 73.78
45 55.92
53 20.70
52 83.71
9
27 24 85 73 31 76 80 95 85


92.60
1
10 72.50
14
75 82 3 36 38 73 67 21 2 75 12 46 44 16


92.05
6
99  3.97
 9 15.92
94 22.90
63 38.18
51 72.68
55 1.17
8
41 73 60 42 47 24 39 43


0.39
17
83 15.90
64 82.51
68 48.15
22 94.68
66 76.17
25 68.66
59 44.07
21 74.42
92 93.26
80 79.89
29 98.32
91 82.52
98 39.70
60  3.14
53  7.92
33 39.17
67 83.87
16
1 86 15 74 2 80 39 78 38 97 19 58 74 63 46 5


31.94
6
36 67.08
 6 17.47
 6 49.50
54 65.49
82 18.74
40  0.40
17
92 78 92 65 31 23 56 9 61 52 27 70 78 41 16 82 34


51.93
20
 40 20.70
 71 11.47
 95 48.97
 71 50.24
 15 29.76
  5 71.62
 39 10.06
 22 26.96
 70  0.70
 78 51.77
 81 24.30
100 10.56
 97 52.58
 39 27.67
 59 90.82
  3 56.80
 26 12.50
 47 72.25
 48  8.73
 48 29.17
2
78 52


10.19
20
41 64.99
69 34.38
67 16.17
97  3.50
49 10.22
70 19.06
97 84.67
78 17.52
 6 78.76
54 40.27
73 28.31
30 19.26
73 30.89
19 14.44
62 95.77
27 28.87
24 89.02
71 39.95
97 62.90
63 35.19
17
25 33 64 21 36 41 48 93 19 1 23 44 26 5 84 51 48